(seq13:0.00518,seq11:0.00518,seq10:0.00518,(seq12:0.00259,seq9:0.00259):0.00259,
seq8:0.00000,seq7:0.00518,seq4:0.01036,(seq6:0.00259,((seq5:0.00000,
seq3:0.00518):0.07254,(seq2:0.08290,seq1:0.00000):0.10622):0.06995):0.00259,
GL:0.09326)[0.5000];
(seq13:0.00518,seq11:0.00518,seq10:0.00518,(seq12:0.00259,seq9:0.00259):0.00259,
seq8:0.00000,seq7:0.00518,seq6:0.00518,(seq4:0.00777,((seq5:0.00000,
seq3:0.00518):0.07168,(seq2:0.08290,seq1:0.00000):0.10794):0.06908):0.00259,
GL:0.09326)[0.5000];
